
0	312	1023	1023	1023	1023	1023	320	331	323	303			6704
5	297	1023	1023	1023	1023	1023	297	239	245	299			6492
10	259	1023	1023	1023	1023	1023	252	302	306	309			6543
15	290	1023	1023	1023	1023	1023	302	310	298	264			6579
20	239	1023	1023	1023	1023	1023	314	254	258	307			6487
25	293	1023	1023	1023	1023	1023	271	317	311	256			6563
30	298	1023	1023	1023	1023	310	312	308	314	320			5954
35	269	1023	1023	1023	1023	1023	303	266	276	315			6544
40	307	1023	1023	1023	1023	278	269	315	322	282			5865
45	254	1023	1023	1023	1023	308	308	260	262	325			5809
50	307	1023	1023	1023	1023	265	267	309	312	322			5874
55	308	1023	1023	1023	1023	1023	329	322	317	269			6660
60	267	1023	1023	1023	1023	1023	329	284	277	320			6592
65	321	1023	1023	1023	1023	268	269	323	325	330			5928
70	336	1023	1023	1023	1023	258	319	317	331	285			5938
75	288	1023	1023	1023	1023	334	325	281	293	336			5949
80	325	1023	1023	1023	1023	273	282	322	333	347			5974
85	265	1023	1023	1023	1023	336	333	341	330	298			5995
90	322	1023	1023	1023	1023	334	342	296	282	338			6006
95	330	1023	1023	1023	1023	285	283	343	346	343			6022
100	277	1023	1023	1023	1023	346	334	338	348	305			6040
105	340	1023	1023	1023	1023	342	349	301	286	342			6052
110	342	1023	1023	1023	1023	346	357	354	357	338			6186
115	277	1023	1023	1023	1023	309	309	351	358	304			6000
120	335	1023	1023	1023	1023	361	359	356	360	367			6230
125	341	1023	1023	1023	1023	358	366	311	308	346			6122
130	349	1023	1023	1023	1023	311	313	351	363	352			6131
135	311	1023	1023	1023	1023	350	368	349	366	308			6144
140	360	1023	1023	1023	1023	357	370	306	358	358			6201
145	360	1023	1023	1023	1023	365	369	367	317	360			6230
150	308	1023	1023	1023	1023	321	327	378	360	308			6094
155	358	1023	1023	1023	1023	372	373	384	370	365			6314
160	359	1023	1023	1023	1023	371	373	321	314	365			6195
165	367	1023	1023	1023	1023	393	385	353	379	378			6347
170	319	1023	1023	1023	1023	349	330	282	377	306			6055
175	367	1023	1023	1023	1023	375	383	250	378	381			6226
180	370	1023	1023	1023	1023	379	403	380	372	375			6371
185	385	1023	1023	1023	1023	389	394	388	329	397			6374
190	325	1023	1023	1023	1023	337	398	369	390	392			6303
195	381	1023	1023	1023	1023	387	336	370	378	352			6296
200	378	1023	1023	1023	1023	411	385	245	394	390			6295
205	380	1023	1023	1023	1023	393	402	357	337	385			6346
210	338	1023	1023	1023	1023	393	407	403	390	384			6407
215	396	1023	1023	1023	1023	357	411	394	388	394			6432
220	396	1023	1023	1023	1023	408	356	395	409	370			6426
225	402	1023	1023	1023	1023	409	407	397	401	404			6512
230	395	1023	1023	1023	1023	399	414	336	346	408			6390
235	351	1023	1023	1023	1023	415	407	394	409	419			6487
240	400	1023	1023	1023	1023	416	421	411	407	409			6556
245	408	1023	1023	1023	1023	360	411	406	417	337			6431
250	410	1023	1023	1023	1023	422	362	409	406	413			6514
255	415	1023	1023	1023	1023	421	427	406	405	410			6576
260	360	1023	1023	1023	1023	426	420	331	359	423			6411
265	407	1023	1023	1023	1023	431	432	397	421	441			6621
270	420	1023	1023	1023	1023	420	422	416	426	427			6623
275	418	1023	1023	1023	1023	436	417	422	426	442			6653
280	424	1023	1023	1023	1023	378	366	421	450	362			6493
285	427	1023	1023	1023	1023	439	418	432	422	433			6663
290	428	1023	1023	1023	1023	434	445	414	423	425			6661
295	374	1023	1023	1023	1023	436	443	378	372	449			6544
300	423	1023	1023	1023	1023	447	427	459	453	442			6743
305	432	1023	1023	1023	1023	431	430	437	452	439			6713
310	435	1023	1023	1023	1023	434	437	437	445	442			6722
315	439	1023	1023	1023	1023	443	471	437	461	441			6784
320	444	1023	1023	1023	1023	454	455	445	440	464			6794
325	449	1023	1023	1023	1023	408	445	445	457	458			6754
330	1023	1023	1023	1023	1023	442	388	443	478	394			7260
335	1023	1023	1023	1023	1023	447	445	443	471	462			7383
340	414	1023	1023	1023	1023	477	449	460	458	466			6816
345	442	1023	1023	1023	1023	487	459	401	461	458			6800
350	458	1023	1023	1023	1023	474	492	453	482	464			6915
355	461	1023	1023	1023	1023	458	496	486	493	485			6971
360	459	1023	1023	1023	1023	466	492	473	490	486			6958
365	459	1023	1023	1023	1023	465	462	494	489	487			6948
370	458	1023	1023	1023	1023	494	484	492	490	486			6996
375	461	1023	1023	1023	1023	493	489	464	495	490			6984
380	474	1023	1023	1023	1023	492	490	500	488	497			7033
385	478	1023	1023	1023	1023	494	493	494	494	497			7042
390	469	1023	1023	1023	1023	489	497	489	493	500			7029
395	478	1023	1023	1023	1023	484	493	489	486	493			7015
400	466	1023	1023	1023	1023	490	489	482	485	482			6986
405	482	1023	1023	1023	1023	492	491	493	491	490			7031
410	483	1023	1023	1023	1023	495	488	494	496	489			7037
415	486	1023	1023	1023	1023	498	490	494	494	495			7049
420	489	1023	1023	1023	1023	495	499	484	493	497			7049
425	490	1023	1023	1023	1023	488	498	482	490	497			7037
430	493	1023	1023	1023	1023	485	491	492	491	493			7037
435	493	1023	1023	1023	1023	488	490	490	490	485			7028
440	489	1023	1023	1023	1023	490	490	498	493	491			7043
445	486	1023	1023	1023	1023	491	490	485	490	485			7019
450	498	1023	1023	1023	1023	491	495	498	491	494			7059
455	495	1023	1023	1023	1023	491	501	488	493	491			7051
460	501	1023	1023	1023	1023	490	493	487	490	500			7053
465	501	1023	1023	1023	1023	489	484	482	490	495			7033
470	501	1023	1023	1023	1023	486	490	491	489	490			7039
475	1023	1023	1023	1023	1023	491	457	501	486	498			7548
480	1023	1023	1023	1023	1023	498	488	489	491	490			7571
485	1023	1023	1023	1023	1023	494	498	486	494	486			7573
490	1023	1023	1023	1023	1023	495	493	489	493	488			7573
495	1023	1023	1023	1023	1023	494	491	493	490	491			7574
500	1023	1023	1023	1023	1023	485	489	489	497	493			7568
505	1023	1023	1023	1023	1023	485	488	489	486	493			7556
510	1023	1023	1023	1023	1023	490	485	493	488	493			7564
515	1023	1023	1023	1023	1023	492	491	487	493	488			7566
520	1023	1023	1023	1023	1023	500	491	484	493	490			7573
525	1023	1023	1023	1023	1023	489	493	489	498	490			7574
530	1023	1023	1023	1023	1023	493	491	491	494	490			7574
535	1023	1023	1023	1023	1023	486	491	503	486	495			7576
540	1023	1023	1023	1023	1023	494	485	496	490	493			7573
545	1023	1023	1023	1023	1023	490	489	492	493	492			7571
550	1023	1023	1023	1023	1023	491	490	490	490	494			7570
555	1023	1023	1023	1023	1023	498	498	489	495	488			7583
560	1023	1023	1023	1023	1023	490	501	490	494	486			7576
565	1023	1023	1023	1023	1023	492	493	495	490	481			7566
570	1023	1023	1023	1023	1023	490	488	493	486	490			7562
575	1023	1023	1023	1023	1023	484	486	488	485	489			7547
580	1023	1023	1023	1023	1023	490	490	491	492	498			7576
585	1023	1023	1023	1023	1023	498	490	488	490	492			7573
590	1023	1023	1023	1023	1023	495	500	491	494	492			7587
595	1023	1023	1023	1023	1023	491	490	497	497	489			7579
600	1023	1023	1023	1023	1023	489	493	489	494	488			7568
605	1023	1023	1023	1023	1023	488	486	442	491	486			7508
610	1023	1023	1023	1023	1023	490	486	482	490	488			7551
615	1023	1023	1023	1023	1023	493	485	485	490	494			7562
620	1023	1023	1023	1023	1023	495	493	484	491	493			7571
625	1023	1023	1023	1023	1023	493	492	482	496	495			7573
630	1023	1023	1023	1023	1023	493	496	490	491	493			7578
635	1023	1023	1023	1023	1023	490	490	498	490	486			7569
640	1023	1023	1023	1023	1023	488	486	490	486	486			7551
645	1023	1023	1023	1023	1023	492	490	490	485	487			7559
650	1023	1023	1023	1023	1023	496	487	490	490	487			7565
655	1023	1023	1023	1023	1023	491	495	486	495	484			7566
660	1023	1023	1023	1023	1023	494	488	490	495	491			7573
665	1023	1023	1023	1023	1023	490	495	498	494	494			7586
670	1023	1023	1023	1023	1023	509	483	498	487	490			7582
675	1023	1023	1023	1023	1023	530	488	490	486	488			7597
680	1023	1023	1023	1023	1023	534	488	486	488	480			7591
685	1023	1023	1023	1023	1023	539	484	486	490	495			7609
690	1023	1023	1023	1023	1023	545	485	482	525	512			7664
695	1023	1023	1023	1023	1023	549	493	493	544	539			7733
700	1023	1023	1023	1023	1023	540	495	493	541	549			7733
705	1023	1023	1023	1023	1023	538	490	485	534	548			7710
710	1023	1023	1023	1023	1023	545	491	491	542	554			7738
715	1023	1023	1023	1023	1023	555	485	491	542	544			7732
720	1023	1023	1023	1023	1023	553	490	486	541	539			7724
725	1023	1023	1023	1023	1023	559	489	490	548	554			7755
730	1023	1023	1023	1023	1023	557	471	493	567	567			7770
735	1023	1023	1023	1023	1023	557	533	509	545	548			7807
740	1023	1023	1023	1023	1023	558	554	517	554	564			7862
745	549	1023	1023	1023	1023	564	570	554	556	576			7461
750	551	1023	1023	1023	1023	570	559	565	561	555			7453
755	570	1023	1023	1023	1023	579	565	570	569	562			7507
760	557	1023	1023	1023	1023	593	576	573	576	565			7532
765	581	1023	1023	1023	1023	564	573	577	562	567			7516
770	570	1023	1023	1023	1023	562	577	573	571	564			7509
775	570	1023	1023	1023	1023	571	586	586	572	586			7563
780	590	1023	1023	1023	1023	570	577	571	576	576			7552
785	589	1023	1023	1023	1023	581	574	577	602	560			7575
790	586	1023	1023	1023	1023	580	583	586	574	571			7572
795	1023	1023	1023	1023	1023	590	613	577	589	571			8055
800	1023	1023	1023	1023	1023	578	584	593	589	594			8053
805	1023	1023	1023	1023	1023	586	589	598	580	586			8054
810	1023	1023	1023	1023	1023	605	585	581	605	586			8077
815	574	1023	1023	1023	1023	593	587	586	587	588			7607
820	1023	1023	1023	1023	595	596	586	607	596	626			7698
825	1023	1023	1023	1023	1023	594	607	595	587	586			8084
830	1023	1023	1023	1023	1023	603	604	601	613	588			8124
835	1023	1023	1023	1023	1023	600	602	602	602	577			8098
840	1023	1023	1023	1023	1023	599	604	618	610	606			8152
845	1023	1023	1023	1023	1023	593	601	605	598	597			8109
850	1023	1023	1023	1023	1023	640	597	599	629	596			8176
855	1023	1023	1023	1023	1023	615	613	607	612	597			8159
860	1023	1023	1023	1023	1023	613	617	628	603	636			8212
865	1023	1023	1023	1023	1023	602	616	613	619	612			8177
870	1023	1023	1023	1023	1023	618	612	616	618	610			8189
875	1023	1023	1023	1023	1023	612	622	653	613	613			8228
880	1023	1023	1023	1023	1023	618	617	621	613	627			8211
885	1023	1023	1023	1023	1023	661	621	621	644	621			8283
890	1023	1023	1023	1023	1023	629	652	626	621	625			8268
895	1023	1023	1023	1023	1023	614	625	642	626	653			8275
900	1023	1023	1023	1023	1023	594	613	629	650	618			8219
905	1023	1023	1023	1023	1023	619	613	631	626	614			8218
910	1023	1023	1023	1023	1023	612	631	649	637	653			8297
915	1023	1023	1023	1023	1023	633	628	622	661	638			8297
920	1023	1023	1023	1023	1023	658	634	634	635	645			8321
925	1023	1023	1023	1023	1023	637	647	645	635	669			8348
930	1023	1023	1023	1023	1023	642	634	638	659	640			8328
935	1023	1023	1023	1023	1023	649	627	679	646	641			8357
940	1023	1023	1023	1023	1023	656	642	649	634	666			8362
945	1023	1023	1023	1023	1023	676	646	644	677	642			8400
950	1023	1023	1023	1023	1023	658	676	658	649	645			8401
955	1023	1023	1023	1023	1023	641	660	656	653	656			8381
960	1023	1023	1023	1023	1023	669	642	645	651	653			8375
965	1023	1023	1023	1023	1023	649	676	674	656	685			8455
970	1023	1023	1023	1023	1023	661	645	648	685	661			8415
975	1023	1023	1023	1023	1023	658	646	649	655	637			8360
980	1023	1023	1023	1023	1023	658	665	651	648	677			8414
985	1023	1023	1023	1023	1023	688	653	653	669	645			8423
990	1023	1023	1023	1023	1023	656	658	678	656	657			8420
995	1023	1023	1023	1023	1023	650	610	653	702	658			8388
1000	1023	1023	1023	1023	1023	661	644	653	660	650			8383
1005	1023	1023	1023	1023	1023	656	656	665	642	681			8415
1010	1023	1023	1023	1023	1023	682	657	655	674	649			8432
1015	1023	1023	1023	1023	1023	658	692	677	653	648			8443
1020	1023	1023	1023	1023	1023	652	667	658	654	666			8412